# YOLOv5 Hyperparameter Evolution Results
# Best generation: 1
# Last generation: 2
#    metrics/precision,       metrics/recall,      metrics/mAP_0.5, metrics/mAP_0.5:0.95,         val/box_loss,         val/obj_loss,         val/cls_loss
#              0.74188,              0.64455,              0.70314,              0.48037,             0.036038,             0.022072,             0.018036

lr0: 0.01165
lrf: 0.01
momentum: 0.97078
weight_decay: 0.00049
warmup_epochs: 3.0532
warmup_momentum: 0.8
warmup_bias_lr: 0.10211
box: 0.06189
cls: 0.53518
cls_pw: 0.76182
obj: 0.81225
obj_pw: 0.9747
iou_t: 0.2
anchor_t: 4.0954
fl_gamma: 0.0
hsv_h: 0.01161
hsv_s: 0.606
hsv_v: 0.4
degrees: 0.0
translate: 0.06866
scale: 0.40252
shear: 0.0
perspective: 0.0
flipud: 0.0
fliplr: 0.5
mosaic: 1.0
mixup: 0.0
copy_paste: 0.0
anchors: 4.5694
